101 Crawler Path: (0,0),(0,1),(0,2),(0,3),(0,4),(0,5),(0,6),(0,7),(0,8),(0,9),(1,9),(2,9),(3,9),(4,9),(5,9) Eaten by 110
102 Hopper Path: (9,0),(7,0),(5,0),(3,0) Eaten by 105
103 Crawler Path: (9,9),(9,8),(9,7),(9,6),(9,5) Eaten by 110
104 Crawler Path: (0,9),(0,8),(0,7),(0,6),(0,5),(0,4),(0,3),(0,2),(0,1),(0,0),(1,0),(2,0),(3,0),(4,0),(5,0),(6,0),(7,0),(8,0),(9,0),(9,1),(9,2),(9,3),(9,4),(9,5),(9,6),(9,7),(9,8),(9,9),(9,8),(9,7),(9,6),(9,5),(9,4) Eaten by 114
105 Crawler Path: (2,2),(2,1),(2,0),(3,0),(4,0),(5,0),(6,0),(7,0),(8,0),(9,0),(8,0),(7,0),(6,0),(5,0),(4,0),(3,0),(2,0),(1,0),(0,0),(0,1),(0,2),(0,3),(0,4),(0,5),(0,6),(0,7),(0,8),(0,9),(0,8),(0,7),(0,6),(0,5),(0,4),(0,3),(0,2),(0,1),(0,0),(0,1),(0,2),(0,3),(0,4),(0,5),(0,6),(0,7),(0,8),(0,9),(1,9),(2,9),(3,9),(4,9),(5,9),(6,9),(7,9),(8,9),(9,9),(8,9),(7,9),(6,9),(5,9),(4,9),(3,9),(2,9),(1,9),(0,9),(1,9),(2,9),(3,9),(4,9),(5,9),(6,9),(7,9),(8,9),(9,9),(8,9),(7,9),(6,9),(5,9),(4,9),(3,9),(2,9),(1,9),(0,9),(1,9),(2,9),(3,9),(4,9) Eaten by 110
106 Crawler Path: (7,2),(8,2),(9,2),(8,2),(7,2),(6,2),(5,2),(4,2),(3,2),(2,2),(1,2),(0,2),(0,1),(0,0),(1,0),(2,0),(3,0),(4,0),(5,0),(6,0),(7,0),(8,0),(9,0),(8,0),(7,0),(6,0),(5,0),(4,0),(3,0),(2,0),(1,0),(0,0),(0,1),(0,2),(0,3),(0,4),(0,5),(0,6),(0,7),(0,8),(0,9),(1,9),(2,9),(3,9),(4,9),(5,9),(6,9),(7,9),(8,9),(9,9),(9,8),(9,7),(9,6),(9,5),(9,4),(9,3),(9,2),(9,1),(9,0),(8,0),(7,0),(6,0),(5,0),(4,0),(3,0),(2,0),(1,0),(0,0),(1,0),(2,0),(3,0),(4,0),(5,0),(6,0),(7,0),(8,0),(9,0),(8,0),(7,0),(6,0),(5,0),(4,0),(3,0),(2,0),(1,0),(0,0),(0,1),(0,2),(0,3),(0,4),(0,5),(0,6),(0,7),(0,8),(0,9),(0,8),(0,7),(0,6),(0,5),(0,4),(0,3),(0,2),(0,1),(0,0),(1,0),(2,0),(3,0),(4,0),(5,0),(6,0),(7,0),(8,0),(9,0),(8,0),(7,0),(6,0),(5,0),(4,0),(3,0),(2,0),(1,0),(0,0),(0,1),(0,2),(0,3),(0,4) Alive!
107 Hopper Path: (2,7),(2,9),(5,9),(8,9),(9,9),(6,9),(3,9),(0,9),(0,6),(0,3),(0,0),(3,0),(6,0) Eaten by 105
108 Hopper Path: (7,7),(3,7),(0,7) Eaten by 104
109 Hopper Path: (4,4),(2,4),(0,4),(0,6) Eaten by 104
110 Crawler Path: (5,5),(6,5),(7,5),(8,5),(9,5),(9,6),(9,7),(9,8),(9,9),(8,9),(7,9),(6,9),(5,9),(4,9),(3,9),(2,9),(1,9),(0,9),(1,9),(2,9),(3,9),(4,9),(5,9),(6,9),(7,9),(8,9),(9,9),(8,9),(7,9),(6,9),(5,9),(4,9),(3,9),(2,9),(1,9),(0,9),(1,9),(2,9),(3,9),(4,9),(5,9),(6,9),(7,9),(8,9),(9,9),(9,8),(9,7),(9,6),(9,5),(9,4),(9,3),(9,2),(9,1),(9,0),(8,0),(7,0),(6,0),(5,0),(4,0),(3,0),(2,0),(1,0),(0,0),(0,1),(0,2),(0,3),(0,4),(0,5),(0,6),(0,7),(0,8),(0,9),(1,9),(2,9),(3,9),(4,9),(5,9),(6,9),(7,9),(8,9),(9,9),(8,9),(7,9),(6,9),(5,9),(4,9),(3,9),(2,9),(1,9),(0,9),(1,9),(2,9),(3,9),(4,9),(5,9),(6,9),(7,9),(8,9),(9,9),(8,9),(7,9),(6,9),(5,9),(4,9),(3,9),(2,9),(1,9),(0,9),(0,8),(0,7),(0,6),(0,5),(0,4),(0,3),(0,2),(0,1),(0,0),(1,0),(2,0),(3,0),(4,0),(5,0),(6,0),(7,0),(8,0),(9,0) Alive!
111 Crawler Path: (4,5),(4,4),(4,3),(4,2),(4,1),(4,0),(4,1),(4,2) Eaten by 106
112 Hopper Path: (5,4),(5,6),(5,8),(5,9),(3,9),(1,9),(0,9),(2,9),(4,9),(6,9),(8,9),(9,9),(9,7),(9,5),(9,3),(9,1),(9,0),(9,2),(9,4),(9,6),(9,8),(9,9),(7,9),(5,9),(3,9),(1,9),(0,9),(0,7),(0,5),(0,3),(0,1),(0,0) Eaten by 106
113 Dizzler Path: 113 Hopper Path: (6,4),(6,3),(6,2),(5,2),(5,1),(5,0) Eaten by 105
114 Dizzler Path: 114 Hopper Path: (3,1),(4,1),(3,1),(3,2),(3,3),(3,4),(3,3),(3,4),(3,3),(3,2),(3,3),(3,4),(4,4),(4,5),(4,4),(5,4),(5,5),(6,5),(7,5),(8,5),(8,4),(8,3),(8,4),(7,4),(7,3),(7,4),(7,5),(6,5),(7,5),(7,4),(8,4),(9,4),(9,4),(9,4),(8,4),(7,4),(7,5),(7,4),(8,4),(7,4),(7,3),(6,3),(6,2),(6,1),(6,2),(6,1),(5,1),(6,1),(5,1),(4,1),(5,1),(5,0),(5,0),(5,0),(4,0),(4,0),(4,0),(4,1),(4,0) Eaten by 110
115 SuperBug Path: (1,2),(1,3),(2,3),(3,3),(3,4) Eaten by 114
